504, 0.753000020981
255, 0.696000099182
355, 0.918999910355
102, 0.47200012207
477, 1.17999982834
204, 0.642000198364
200, 0.849999904633
139, 0.657999992371
127, 0.595999956131
165, 0.688000202179
231, 0.921999931335
55, 0.425999879837
95, 0.519999980927
92, 0.537000179291
131, 0.672999858856
78, 0.509999990463
96, 0.582999944687
158, 0.741999864578
148, 0.72200012207
63, 0.494999885559
69, 0.53400015831
62, 0.516000032425
70, 0.539999961853
139, 0.718999862671
87, 0.469000101089
51, 0.447999954224
52, 0.43799996376
107, 0.578999996185
39, 0.40900015831
29, 0.380999803543
32, 0.390000104904
36, 0.413000106812
37, 0.421000003815
37, 0.412999868393
30, 0.388000011444
33, 0.390000104904
35, 0.406999826431
29, 0.369000196457
30, 0.384999990463
31, 0.398000001907
32, 0.392999887466
34, 0.423000097275
31, 0.382999897003
31, 0.381999969482
29, 0.382000207901
31, 0.388999938965
29, 0.392999887466
28, 0.374000072479
31, 0.388999938965
40, 0.425999879837
29, 0.371999979019
29, 0.375999927521
30, 0.391000032425
33, 0.403000116348
31, 0.382999897003
27, 0.378000020981
29, 0.367999792099
29, 0.384999990463
27, 0.373000144958
28, 0.381999969482
28, 0.37700009346
28, 0.369999885559
28, 0.380000114441
27, 0.365999937057
28, 0.384999990463
28, 0.37299990654
27, 0.373000144958
28, 0.376999855042
27, 0.377999782562
27, 0.373000144958
30, 0.375
29, 0.379999876022
27, 0.371000051498
30, 0.403000116348
27, 0.375
27, 0.373999834061
27, 0.371000051498
27, 0.389000177383
27, 0.378000020981
27, 0.375999927521
27, 0.371000051498
27, 0.365000009537
27, 0.368000030518
27, 0.376999855042
27, 0.367000102997
27, 0.376999855042
27, 0.383000135422
32, 0.379999876022
27, 0.375
27, 0.37900018692
27, 0.371999979019
27, 0.380999803543
27, 0.368000030518
27, 0.381999969482
27, 0.368000030518
27, 0.376000165939
27, 0.37299990654
27, 0.367000102997
27, 0.371999979019
27, 0.369999885559
